

Output of Support Vector Machine with Linear Kernel (SMOreg):
-------------------------------------------------------------



Estimates of self-assessed personality for each file, using standardized features:

File              	Extra	Emoti	Agree	Consc	Openn
1134.txt         	4.71	3.695	4.549	4.483	4.934
794.txt          	4.652	4.395	4.732	4.826	4.456
425.txt          	4.75	3.505	4.664	4.838	5.004
629.txt          	4.614	3.654	4.736	4.725	4.982
1598.txt         	5.082	4.625	4.691	4.945	4.711
1130.txt         	4.754	3.828	4.713	4.898	4.97
975.txt          	4.84	3.936	4.501	4.737	3.978
1566.txt         	5.229	4.402	4.905	5.174	4.11
1291.txt         	5.098	2.574	4.427	4.408	3.958
1863.txt         	4.86	4.36	4.707	4.925	4.402
886.txt          	5.024	3.917	5.04	5.149	4.349
1067.txt         	4.5	4.203	4.589	4.813	4.821
258.txt          	5.177	3.794	4.544	4.779	4.782
510.txt          	4.222	4.236	4.644	4.929	5.142
920.txt          	5.176	3.343	4.876	4.935	4.502
1418.txt         	4.349	4.146	4.686	4.808	4.994
914.txt          	4.552	3.626	4.628	4.787	4.805
1343.txt         	4.787	2.994	4.282	4.534	3.9
341.txt          	4.61	3.986	4.748	4.74	3.671
1096.txt         	4.805	4.441	4.696	4.721	4.517
836.txt          	5.431	3.745	4.683	5.619	4.033
983.txt          	5.44	3.738	4.026	4.352	4.988
690.txt          	4.927	4.047	5.04	5.173	4.883
652.txt          	5.001	4.077	4.94	5.112	4.355
283.txt          	4.451	3.614	4.991	4.47	5.259
850.txt          	4.749	3.949	4.922	4.623	4.15
632.txt          	4.682	4.222	4.825	4.962	5.104
1889.txt         	4.49	4.098	4.629	4.967	5.128
1313.txt         	4.523	3.875	4.945	4.854	4.928
110.txt          	4.258	3.485	4.58	5.012	4.209
1947.txt         	4.599	3.76	4.708	5.069	4.784
1173.txt         	4.784	4.131	4.61	4.525	4.225
675.txt          	4.064	3.93	4.128	4.076	5.038
650.txt          	4.581	3.804	4.809	4.648	4.398
824.txt          	4.601	3.98	4.692	4.648	4.934
174.txt          	4.793	3.636	4.877	5.144	4.467
1482.txt         	4.943	4.398	4.707	5.116	5.697
74.txt           	4.38	4.42	4.871	5.637	6.132
619.txt          	4.69	4.608	4.903	4.767	4.341
1641.txt         	4.545	4.473	4.64	4.915	5.346
1759.txt         	4.636	4.299	4.324	4.798	4.326
38.txt           	5.031	3.913	5.332	4.44	4.403
1443.txt         	4.774	4.43	5.071	4.808	4.081
164.txt          	4.66	4.168	4.264	4.559	4.359
1836.txt         	5.351	4.293	4.165	4.765	4.777
1243.txt         	4.946	3.866	4.533	4.553	4.044
156.txt          	4.465	4.234	4.436	4.709	5.03
497.txt          	5.149	3.725	4.744	4.496	5.147
91.txt           	4.789	3.916	4.727	4.861	4.933
1029.txt         	5.497	2.953	4.617	5.039	3.88
1459.txt         	5.641	3.499	5.111	4.873	3.7
926.txt          	4.599	4.328	4.48	4.753	4.587
387.txt          	4.304	3.872	4.053	4.005	4.885
580.txt          	5.255	3.204	3.647	5.066	5.246
454.txt          	4.772	3.837	4.917	4.919	4.947
561.txt          	4.554	4.086	4.197	4.539	4.363
1477.txt         	4.606	4.017	4.43	4.768	4.532
392.txt          	5.236	4.053	5.006	4.985	4.544
582.txt          	4.608	3.817	4.778	4.842	4.238
1327.txt         	5.134	3.153	4.85	4.942	4.933
1126.txt         	5.104	3.735	4.875	4.907	5.278
699.txt          	5.236	4.646	4.947	4.674	4.494
103.txt          	4.928	2.935	4.271	5.345	3.619
506.txt          	5.006	3.58	4.979	4.667	4.916
1584.txt         	4.976	4.04	4.412	4.808	4.758
2000.txt         	5.051	3.628	5.031	4.874	3.872
540.txt          	4.716	3.834	4.707	4.764	4.905
1136.txt         	5.388	3.329	4.398	4.632	3.811
223.txt          	4.87	3.386	4.873	4.811	5.007
1610.txt         	4.818	3.37	4.876	4.969	4.767
1328.txt         	5.855	3.971	4.175	4.966	4.929
326.txt          	4.765	3.586	4.565	4.605	4.421
1211.txt         	5.226	4.327	4.514	5.016	5.192
215.txt          	5.391	3.175	4.672	5.017	5.24
263.txt          	4.45	4.277	4.911	5.026	5
1628.txt         	4.544	4.09	5.12	4.37	5.053
323.txt          	4.34	4.118	4.689	4.827	4.886
1257.txt         	4.594	3.8	4.632	4.665	4.47
503.txt          	4.808	4.612	4.751	4.948	4.463
343.txt          	4.305	3.787	4.492	4.78	4.707
1488.txt         	4.358	3.924	4.928	4.442	4.389
821.txt          	5.077	4.2	4.521	5.042	4.585
666.txt          	4.256	3.265	4.957	5.115	4.296
1074.txt         	4.883	4.093	4.857	5.046	4.637
1667.txt         	4.769	3.024	4.355	4.738	4.333
1419.txt         	5.501	3.295	4.87	5.027	4.567
1603.txt         	4.672	4.107	4.7	4.953	4.815
622.txt          	4.629	4.148	4.804	5.314	5.279
1564.txt         	5.202	3.767	4.571	4.908	5.209
1251.txt         	4.2	4.185	4.235	3.945	4.873
1619.txt         	4.919	4.337	4.477	5.07	3.736
1054.txt         	5.822	4.292	4.695	5.172	4.232
1875.txt         	4.645	3.996	4.664	4.969	5.106
179.txt          	4.335	4.255	4.644	4.433	4.636
1861.txt         	4.981	3.597	4.859	5.004	4.912
695.txt          	4.941	4.204	4.342	4.543	3.885
1484.txt         	5.03	3.472	4.368	4.688	4.693
345.txt          	4.523	4.511	4.95	5.578	5.679
158.txt          	5.51	4.07	5.585	4.962	5.442
29.txt           	4.66	4.311	4.175	4.692	4.284
1299.txt         	4.828	3.983	4.768	4.997	4.295
1571.txt         	5.038	4.248	4.847	5.037	5.106
758.txt          	4.684	4.39	4.74	4.831	4.831
1210.txt         	6.279	3.292	4.384	4.284	4.979
59.txt           	4.965	4.23	4.837	4.592	5.078
903.txt          	4.678	3.948	4.744	5.21	5.798
1958.txt         	4.437	3.536	4.215	4.112	4.06
1463.txt         	5.063	4.138	4.63	5.402	4.35
1547.txt         	4.718	3.82	4.864	5.405	4.15
484.txt          	4.684	4.298	4.405	4.732	4.742
663.txt          	4.71	4.152	4.959	4.639	5.122
1579.txt         	4.824	4.231	4.803	4.692	4.542
369.txt          	5.103	4.575	4.239	3.88	3.957
176.txt          	5.224	4.022	5.054	4.997	4.821
1225.txt         	3.975	4.642	4.325	4.102	4.587
1862.txt         	4.488	4.916	4.219	4.487	4.915
927.txt          	4.726	3.698	4.763	4.792	4.725
711.txt          	5.582	4.321	4.505	5.113	4.794
1233.txt         	4.448	4.293	4.577	4.92	5.209
1805.txt         	4.477	3.743	4.64	4.635	4.927
1708.txt         	4.776	4.807	4.486	4.853	4.276
1140.txt         	4.581	3.686	4.888	5.302	4.629
123.txt          	4.993	3.902	4.776	4.973	3.907
150.txt          	4.926	4.145	4.679	4.682	4.458
1999.txt         	4.706	2.9	4.712	4.936	4.659
549.txt          	5.198	4.012	4.664	4.976	4.34
129.txt          	4.722	3.703	4.706	4.979	4.607
297.txt          	4.637	3.168	4.65	5.029	5.152
246.txt          	4.85	3.985	4.584	4.805	4.78
665.txt          	4.672	4.777	4.135	4.589	4.33
934.txt          	4.895	4.144	4.56	4.64	3.947
353.txt          	5.364	3.41	4.541	5.297	5.544
839.txt          	5.049	3.847	5.003	5.072	4.841
363.txt          	5.234	4.402	4.857	4.145	3.864
810.txt          	4.899	3.893	4.583	5.201	5.057
1372.txt         	4.195	3.851	4.754	4.586	4.94
24.txt           	4.924	3.916	4.823	4.648	4.752
307.txt          	5.154	4.054	4.729	4.803	4.282
474.txt          	4.884	4.942	4.846	4.583	4.655
305.txt          	4.868	3.577	4.7	4.425	3.82
432.txt          	4.502	3.368	4.604	4.271	3.884
881.txt          	5.52	3.832	4.775	6.225	4.7
1040.txt         	5.019	4.309	4.726	4.987	4.626
1677.txt         	4.752	3.835	4.773	4.651	4.263
436.txt          	5.296	3.841	4.239	4.826	4.328
567.txt          	5.272	3.632	4.95	4.662	4.647
1431.txt         	4.778	3.986	4.816	4.535	4.181
455.txt          	4.81	3.656	4.895	4.868	4.688
513.txt          	4.697	4.271	4.849	5.189	5.284
15.txt           	5.118	3.751	4.963	4.806	4.405
809.txt          	4.674	4.186	4.659	4.813	4.744
411.txt          	5.211	3.202	4.876	5.09	4.79
781.txt          	5.596	4.79	4.763	4.959	4.299
459.txt          	4.429	4.449	4.839	4.934	4.915
1394.txt         	5.006	4.086	4.82	5.517	4.823
1673.txt         	5.192	3.389	4.906	4.652	4.351
116.txt          	5.579	4.31	5.097	5.763	4.968
489.txt          	6.407	3.929	4.541	5.68	5.938
1470.txt         	5.16	3.277	4.785	4.449	5.148
664.txt          	4.847	3.889	4.679	4.691	4.363
329.txt          	4.767	3.973	4.587	4.551	4.344
1037.txt         	4.806	3.82	4.663	4.494	4.7
1167.txt         	5.03	4.062	4.832	4.958	4.78
1075.txt         	4.756	4.107	4.567	4.397	4.712
463.txt          	4.83	4.141	4.692	5.078	5.079
1787.txt         	4.889	3.123	4.954	4.865	5.083
1975.txt         	4.768	3.906	4.02	4.632	4.963
275.txt          	5.932	4.689	4.822	5.007	4.914
1917.txt         	4.875	4.047	4.744	4.845	5.2
617.txt          	4.492	3.481	4.862	5.196	4.643
1461.txt         	4.966	4.084	4.471	4.88	4.553
37.txt           	4.882	3.928	4.476	4.568	4.857
655.txt          	4.816	4.315	4.484	4.679	4.065
1784.txt         	4.484	3.76	4.643	4.416	4.329
774.txt          	4.79	4.01	4.784	4.873	4.508
1415.txt         	5.059	3.641	4.9	4.836	5.04
31.txt           	4.629	3.987	4.014	4.035	4.382
890.txt          	5.095	4.084	4.791	4.779	4.672
1617.txt         	4.252	4.077	3.93	4.437	4.629
531.txt          	4.703	4.265	4.497	4.843	4.533
1367.txt         	5.015	4.122	4.573	4.73	4.582
1507.txt         	4.596	4.123	4.579	4.683	5.131
1022.txt         	4.483	3.836	4.663	4.539	4.488
449.txt          	5.917	3.924	5.033	4.825	4.78
716.txt          	5.024	4.15	4.59	4.664	4.099
1306.txt         	5.036	3.954	4.641	4.835	4.1
1843.txt         	4.856	3.846	4.578	4.431	4.884
97.txt           	4.964	3.719	4.864	5.124	5.037
16.txt           	3.998	4.974	3.815	4.521	5.27
1775.txt         	4.589	3.965	4.539	4.803	5.001
998.txt          	4.466	3.772	4.468	4.343	5.105
242.txt          	4.959	3.301	4.677	4.85	4.253
295.txt          	4.492	3.927	4.667	4.694	4.865
1922.txt         	4.48	4.07	4.778	4.887	5.525
1430.txt         	4.78	3.872	5.051	4.778	5.165
488.txt          	4.774	3.995	4.558	4.954	4.925
1057.txt         	4.691	4.9	3.985	4.001	3.957
5.txt            	4.578	4.047	4.575	4.808	4.688
88.txt           	4.547	3.949	4.592	4.754	4.345
741.txt          	4.744	4.305	4.397	4.642	4.607
1788.txt         	4.791	3.723	4.708	4.809	4.786
293.txt          	4.553	4.943	4	4.005	4.739
208.txt          	4.871	4.856	4.879	4.922	4.523
1936.txt         	3.849	4.224	3.809	4.13	4.298
1899.txt         	4.691	4.469	4.543	4.727	4.483
590.txt          	4.145	3.986	4.679	5.013	4.552
309.txt          	4.634	4.433	4.559	4.432	5.169
457.txt          	4.847	3.693	4.743	4.806	4.847
1346.txt         	4.857	4.239	4.618	4.619	4.535
1526.txt         	4.587	4.816	3.914	4.603	4.5
1540.txt         	5.45	3.377	4.479	5.32	4.143
1524.txt         	4.861	3.851	4.834	4.983	4.871
1247.txt         	4.978	3.917	4.896	4.896	4.938
1560.txt         	4.886	4.204	4.907	4.987	3.885
1160.txt         	5.074	4.201	5	5.141	4.814
237.txt          	5.27	3.998	5.169	5.457	2.987
1933.txt         	4.746	3.983	4.709	5.142	4.867
957.txt          	4.148	4.971	4.19	4.499	4.927
1095.txt         	5.439	4.142	4.76	5.382	4.822
477.txt          	4.884	4.33	4.365	4.147	4.607
430.txt          	5.234	3.391	4.454	4.902	4.496
1170.txt         	4.717	4.388	4.924	4.763	4.716
348.txt          	4.941	3.493	4.724	5.628	3.924
68.txt           	4.29	3.606	5.037	4.825	4.781
25.txt           	4.886	3.121	4.853	4.846	5.101
696.txt          	4.431	4.476	4.392	4.767	4.33
1454.txt         	5.108	4.171	4.939	5.347	5.102
1686.txt         	4.655	4.076	4.155	4.735	4.962
102.txt          	4.928	4.425	4.866	4.981	4.265
1132.txt         	5.005	4.085	4.36	4.733	4.741
1585.txt         	4.549	4.326	4.801	4.897	4.63
274.txt          	4.776	4.871	3.584	3.882	4.314
183.txt          	5.359	2.67	4.837	4.997	5.348
838.txt          	3.942	4.339	4.463	3.741	5.309
1396.txt         	4.943	3.761	4.687	4.97	4.401
253.txt          	4.831	3.968	4.682	4.799	4.592
965.txt          	4.825	4.1	4.885	5.001	4.788
1487.txt         	4.725	3.62	4.454	4.84	4.696
1994.txt         	4.899	3.783	4.936	4.606	4.585
210.txt          	3.68	4.259	4.249	4.19	5.645
251.txt          	5.065	4.108	4.621	4.716	4.416
1745.txt         	4.988	4.06	4.599	4.668	4.411
492.txt          	4.649	4.047	4.717	4.922	5.76
1733.txt         	4.025	5.416	4.557	4.594	5.875
1786.txt         	4.527	3.712	5.182	4.499	5.35
1618.txt         	4.638	3.86	4.485	4.987	5.076
966.txt          	4.844	4.032	4.791	4.829	4.668
1369.txt         	4.666	3.845	4.773	4.675	4.873
1097.txt         	4.803	4.053	4.242	4.55	4.964
1799.txt         	4.986	4.059	4.889	4.821	4.153
330.txt          	4.475	4.585	4.367	4.841	4.97
1992.txt         	4.955	3.572	4.613	5.087	5.284
1053.txt         	4.87	4.008	4.672	4.838	4.642
714.txt          	4.333	4.238	4.754	5.007	5.037
479.txt          	4.477	5.006	4.797	5.171	4.714
1122.txt         	4.409	4.001	4.855	4.611	4.858
638.txt          	3.772	4.369	4.544	4.95	5.373
1946.txt         	4.583	3.896	5.087	4.703	4.685
316.txt          	4.801	3.202	4.513	4.661	5.108
495.txt          	4.336	3.807	4.484	4.833	4.376
1812.txt         	4.585	4.029	4.624	4.373	4.973
322.txt          	5.221	4.122	4.295	4.597	4.714
940.txt          	4.27	4.112	4.288	4.446	5.528
303.txt          	4.827	3.552	4.719	4.94	4.461
707.txt          	4.988	4.26	4.613	4.518	4.24
1068.txt         	4.789	4.646	4.195	4.31	3.917
1366.txt         	4.597	2.704	3.936	4.285	5.401
1279.txt         	4.738	3.556	4.559	4.654	4.939
1519.txt         	4.767	3.894	4.251	4.453	3.73
200.txt          	3.957	4.453	4.237	4.232	4.894
300.txt          	4.545	3.863	4.754	4.933	4.747
1495.txt         	3.081	4.961	3.38	3.713	4.901
739.txt          	4.836	3.757	4.903	4.785	5.266
273.txt          	4.878	3.926	4.712	4.404	4.821
1214.txt         	4.566	4.032	5.139	4.198	3.711
1108.txt         	4.759	3.739	4.458	4.595	4.606
904.txt          	4.632	3.312	4.859	5.138	4.578
1844.txt         	4.519	3.993	4.543	4.68	5.246
1486.txt         	4.78	3.746	4.881	4.971	4.276
765.txt          	4.93	3.809	4.603	4.936	4.28
578.txt          	5.147	3.183	4.605	4.671	4.184
1712.txt         	4.991	4.115	4.682	4.778	4.957
1880.txt         	4.794	4.484	4.244	4.364	4.399
1282.txt         	3.898	4.494	4.372	4.915	4.601
1336.txt         	5.233	4.765	4.862	5.161	3.967
802.txt          	4.474	3.564	4.448	4.454	4.635
569.txt          	4.389	4.105	4.444	4.713	4.907
1998.txt         	4.17	4.264	5.011	4.459	5.137
1842.txt         	4.632	4.176	4.741	4.594	4.133
1383.txt         	4.572	4	4.725	4.479	5.175
421.txt          	4.771	3.685	4.868	4.316	3.868
857.txt          	4.775	4.25	5.009	4.136	3.199
654.txt          	4.722	3.597	4.789	4.896	4.813
740.txt          	4.744	3.648	4.726	4.993	4.508
1616.txt         	4.86	4.123	4.746	5.023	5.052
950.txt          	4.829	3.623	4.812	4.837	4.611
175.txt          	4.472	4.214	4.991	4.275	4.935
487.txt          	4.697	4.468	4.759	5.1	4.311
334.txt          	4.614	4.033	4.615	4.686	4.333
1389.txt         	4.626	3.84	4.263	4.617	5.028
939.txt          	4.806	4.249	4.837	5.177	4.629
1871.txt         	4.263	3.471	4.829	5.089	4.513
376.txt          	4.83	4.175	4.714	5.04	5.096
1149.txt         	5.085	4.132	4.255	4.61	4.97
1101.txt         	5.072	3.874	4.755	5.188	4.181
1094.txt         	4.615	3.65	4.766	4.718	4.824
1133.txt         	4.825	3.667	4.515	4.743	3.83
1919.txt         	4.865	3.775	4.839	4.774	4.045
1092.txt         	5.009	3.295	2.696	4.9	5.656
1867.txt         	4.795	4.532	5.234	5.252	4.859
23.txt           	4.326	3.399	5.071	4.718	5.077
1315.txt         	4.304	4.306	4.81	4.772	4.099
71.txt           	4.617	4.042	4.546	4.536	4.648
584.txt          	4.395	4.171	4.38	4.691	4.438
1449.txt         	4.999	3.334	4.94	4.864	4.191
1312.txt         	4.873	3.377	4.576	4.894	4.352
1071.txt         	4.698	3.768	4.672	4.257	3.672
556.txt          	4.753	4.616	4.819	4.407	4.6
529.txt          	5.04	4.831	4.965	5.157	3.438
588.txt          	4.863	3.917	4.796	4.823	4.593
766.txt          	3.668	5.289	3.665	3.695	4.901
372.txt          	4.642	3.825	4.794	4.727	3.41
1529.txt         	4.595	4.001	4.681	4.653	4.876
944.txt          	4.83	4.049	4.62	4.737	4.277
1005.txt         	4.666	3.583	4.303	4.419	5.013
349.txt          	5.311	3.25	4.283	4.564	3.98
1105.txt         	4.892	3.497	4.841	5.4	4.894
1950.txt         	4.707	3.942	4.838	4.652	4.496
669.txt          	4.573	3.912	4.854	4.991	5.462
358.txt          	5.006	3.618	4.547	4.617	4.857
1931.txt         	4.555	3.99	4.765	5.04	4.737
1145.txt         	4.375	4.302	4.471	4.586	4.622
1697.txt         	4.417	5.794	5.171	4.167	4.339
308.txt          	4.993	3.952	4.807	4.696	4.455
388.txt          	5.164	4.13	4.774	4.315	4.351
1342.txt         	5.095	3.758	4.917	5.01	4.699
184.txt          	5.804	4.352	4.871	5.034	4.362
1411.txt         	4.975	4.143	4.619	4.874	4.741
1817.txt         	5.238	3.716	5.043	4.482	5.047
1864.txt         	4.484	4.042	4.61	4.722	4.755
1151.txt         	4.465	3.868	4.649	4.727	4.39
389.txt          	4.845	3.992	4.748	4.787	4.739
381.txt          	5.005	4.334	5.163	4.338	3.975
532.txt          	4.419	3.142	4.624	5.133	4.723
1258.txt         	4.979	3.851	4.862	4.893	4.871
750.txt          	4.476	3.936	4.599	4.641	4.898
785.txt          	5.02	3.805	4.546	4.626	4.263
1563.txt         	4.443	4.188	4.839	4.829	4.477
1981.txt         	5.092	3.526	4.65	4.972	4.728
155.txt          	4.87	3.643	4.844	5.02	4.953
1699.txt         	4.744	4.215	4.751	4.765	4.966
959.txt          	4.593	2.863	4.597	5.073	4.935
715.txt          	5.028	3.037	4.106	4.987	3.971
1090.txt         	4.557	3.489	4.606	4.757	4.499
1120.txt         	5.636	3.966	4.458	5.365	4.083
900.txt          	4.946	4.312	4.385	4.751	4.974
1984.txt         	4.979	3.185	4.606	5.061	4.703
469.txt          	3.979	5.198	3.913	3.691	4.58
1451.txt         	4.388	3.765	4.516	4.95	4.884
228.txt          	4.884	3.599	4.699	4.669	4.952
1324.txt         	4.666	4.137	4.909	5.125	5.245
1216.txt         	4.941	3.982	4.65	4.679	4.027
837.txt          	5.001	3.453	4.73	4.602	4.786
292.txt          	4.877	4.132	3.368	3.481	4.23
344.txt          	5.003	3.539	4.964	4.766	5.385
978.txt          	4.939	3.957	4.777	5.031	5.2
1231.txt         	4.844	3.621	4.57	4.7	4.676
1109.txt         	4.952	3.391	4.538	4.457	4.179
1925.txt         	4.613	4.036	4.075	4.653	4.935
576.txt          	4.127	4.058	4.443	4.571	4.874
1424.txt         	4.297	3.3	4.241	5.093	4.263
1220.txt         	4.971	4.17	4.887	4.523	4.71
1106.txt         	4.879	3.416	4.297	4.137	4.906
1206.txt         	4.677	3.91	4.628	4.93	4.852
207.txt          	4.64	4.123	4.452	4.793	4.891
1387.txt         	5.044	3.406	4.832	5.006	5.123
1876.txt         	4.704	3.822	5.049	4.502	4.865
1763.txt         	4.937	3.413	4.423	5.064	4.62
878.txt          	4.658	3.312	4.846	5.14	4.907
1831.txt         	4.337	5.115	3.758	4.109	4.962
1789.txt         	5.234	3.192	4.211	5.235	5.085
1259.txt         	4.559	3.723	4.532	4.812	4.91
656.txt          	3.925	4.013	5.112	4.896	4.137
640.txt          	4.932	3.994	4.915	4.896	4.956
241.txt          	4.61	3.927	4.804	4.53	3.995
921.txt          	4.515	3.953	5.034	4.591	4.383
201.txt          	4.63	3.85	4.439	4.747	4.693
967.txt          	4.775	3.396	4.349	4.88	4.251
849.txt          	4.228	4.373	4.731	4.733	4.842
1017.txt         	4.888	4.084	4.736	4.496	5.318
284.txt          	4.162	4.009	4.521	4.287	4.809
1561.txt         	5.372	3.823	5.578	5.29	5.4
1716.txt         	4.552	4.193	4.502	4.442	4.201
1235.txt         	4.206	4.29	4.497	4.912	5.214
1523.txt         	5.08	3.473	4.79	5.33	5.219
1232.txt         	5.039	3.632	4.978	4.885	4.806
331.txt          	4.898	3.762	5.037	4.861	4.936
1953.txt         	4.88	4.25	4.592	4.452	4.541
1672.txt         	5.115	4.495	4.919	5.1	4.106
537.txt          	3.324	4.079	4.177	4.425	5.937
1554.txt         	4.344	4.307	4.45	5.187	5.216
1825.txt         	4.706	4.19	4.824	4.748	4.68
55.txt           	4.357	3.886	4.583	4.609	5.009
1753.txt         	5.266	3.957	4.745	4.27	3.43
1406.txt         	4.648	4.34	4.676	4.983	4.82
1815.txt         	4.295	4.64	4.479	4.354	4.532
1713.txt         	4.686	3.687	4.755	4.95	4.785
1043.txt         	3.95	3.608	4.702	5.214	4.613
1783.txt         	5.146	4.016	4.549	5.359	5.101
717.txt          	4.747	4.087	4.841	4.314	4.384
1702.txt         	4.952	3.64	4.537	4.674	4.695
1956.txt         	4.506	3.509	4.625	4.534	5.046
249.txt          	4.106	4.815	4.553	4.42	4.576
932.txt          	4.99	3.5	4.734	4.984	4.888
13.txt           	3.448	4.034	4.465	4.622	5.163
661.txt          	4.728	3.846	4.77	5.173	4.753
1085.txt         	4.935	3.373	4.789	4.839	4.734
336.txt          	5.459	4.674	4.726	5.057	3.787
573.txt          	5.176	4.058	4.898	5.23	5.035
1800.txt         	4.671	3.651	4.822	4.559	4.843
3.txt            	4.25	4.286	4.832	4.974	5.085
393.txt          	4.679	4.26	4.909	4.074	4.556
1706.txt         	5.097	3.676	4.283	4.018	5.838
106.txt          	4.442	4.524	4.116	4.763	4.629
1491.txt         	4.976	3.637	4.311	4.256	4.667
396.txt          	5.083	3.974	4.583	4.657	3.928
366.txt          	4.687	4.635	4.258	4.509	4.419
115.txt          	4.695	3.922	4.069	5.108	5.912
70.txt           	4.562	3.052	4.398	4.98	4.804
1738.txt         	4.592	3.782	4.339	4.717	4.751
1586.txt         	4.09	4.258	4.851	4.608	4.319
853.txt          	4.835	3.928	4.98	4.933	4.814
1895.txt         	5.012	3.478	4.675	4.807	4.477
199.txt          	5.085	5.248	4.62	5.085	3.515
535.txt          	4.926	3.872	4.947	4.906	4.317
394.txt          	4.782	3.838	4.871	4.915	4.852
89.txt           	4.739	4.407	4.671	4.84	4.822
1689.txt         	4.891	3.998	5.195	4.899	5.138
915.txt          	5.371	2.951	3.721	4.879	4.332
1063.txt         	4.864	2.959	4.185	3.808	6.521
1234.txt         	5.108	4.273	4.713	5.03	3.848
1550.txt         	4.723	4.52	4.564	4.888	4.813
1650.txt         	4.806	3.537	4.518	4.965	4.506
1856.txt         	5.052	4.855	4.705	5.329	3.482
467.txt          	4.737	3.903	4.886	4.668	4.687
95.txt           	5.42	4.64	4.827	6.026	4.491
1665.txt         	4.412	3.557	4.728	4.571	4.402
718.txt          	5.06	3.663	4.644	4.673	4.354
829.txt          	4.763	3.854	4.808	4.943	4.761
1048.txt         	5.13	3.599	4.768	4.713	4.285
651.txt          	4.774	3.738	4.79	4.837	4.302
1977.txt         	5.665	3.501	5.48	4.644	6.37
1026.txt         	4.988	3.171	5.346	4.089	4.048
1007.txt         	5.085	3.835	4.935	4.805	4.907
306.txt          	4.293	3.642	4.68	4.596	4.663
1870.txt         	5.072	4.007	4.851	5.42	4.621
1289.txt         	4.918	3.789	4.486	4.409	4.396
146.txt          	3.857	5.491	4.425	3.329	5.611
643.txt          	4.832	3.963	4.846	5.049	5.059
364.txt          	4.916	4.585	4.784	4.568	3.987
109.txt          	4.507	3.782	4.637	4.506	4.894
1409.txt         	4.564	3.324	4.302	4.511	4.867
1229.txt         	4.842	3.863	4.589	4.409	4.533
87.txt           	4.74	3.618	4.446	4.423	5.074
1882.txt         	4.618	4.048	4.854	5.037	4.95
1288.txt         	4.905	4.138	4.582	5.004	4.625
986.txt          	4.859	4.103	4.843	4.662	5.199
1199.txt         	4.323	4.249	4.401	4.292	4.643
1974.txt         	4.836	3.112	4.533	4.928	4.779
867.txt          	4.455	3.784	4.691	4.423	5.372
1959.txt         	4.772	4.493	4.996	4.828	4.896
1478.txt         	4.544	3.917	4.83	5.007	5.069
111.txt          	4.401	4.13	4.707	4.655	4.357
9.txt            	5.317	4.001	4.653	5.294	4.617
790.txt          	5.292	4.47	4.131	4.93	5.661
884.txt          	4.636	4.312	3.897	3.966	3.98
1370.txt         	4.592	4.131	4.562	4.461	4.903
1869.txt         	5.66	4.63	4.753	5.252	4.609
787.txt          	4.41	4.04	4.746	4.851	5.228
1858.txt         	4.937	3.876	4.786	4.72	4.885
1345.txt         	4.759	4.346	4.589	4.639	4.781


Extra = Extraversion
Emoti = Emotional stability
Agree = Agreeableness
Consc = Conscientiousness
Openn = Openness to experience

Models are trained to output scores on a scale from 1 (low) to 7 (high),
the scores might need to be normalized depending on the application domain.
